0,1,2,3,4,5,6
0.0002313941,0.0002313941,0.00035667222,0.0002313941,0.0002313941,0.00068745797,0.0002313941
0.0002313941,0.0002313941,0.0001010439,0.0002313941,0.0002313941,0.00073942856,0.0002313941
0.0002313941,0.0002313941,0.999521,0.0002313941,0.0002313941,0.13223949,0.0002313941
0.0002313941,0.0002313941,0.99966747,0.0002313941,0.0002313941,0.9994111,0.0002313941
0.0002313941,0.0002313941,0.9997472,0.0002313941,0.0002313941,0.9997886,0.0002313941
0.0002313941,0.0002313941,0.00023606837,0.0002313941,0.0002313941,0.00015976717,0.0002313941
0.0002313941,0.0002313941,0.00021692511,0.0002313941,0.0002313941,0.00024103421,0.0002313941
0.0002313941,0.0002313941,0.00022544281,0.0002313941,0.0002313941,0.00020219531,0.0002313941
0.0002313941,0.0002313941,0.00026669365,0.0002313941,0.0002313941,0.00023549494,0.0002313941
0.0002313941,0.0002313941,0.00060285395,0.0002313941,0.0002313941,0.0003905869,0.0002313941
0.0002313941,0.0002313941,0.00041293094,0.0002313941,0.0002313941,0.00030435444,0.0002313941
0.0002313941,0.0002313941,0.0005541291,0.0002313941,0.0002313941,0.0004282302,0.0002313941
0.0002313941,0.0002313941,0.00032929922,0.0002313941,0.0002313941,0.0007052228,0.0002313941
0.0002313941,0.0002313941,0.0009639626,0.0002313941,0.0002313941,0.000117436226,0.0002313941
0.0002313941,0.0002313941,0.00049535796,0.0002313941,0.0002313941,0.00029332744,0.0002313941
0.0002313941,0.0002313941,0.00019202729,0.0002313941,0.0002313941,0.00011888572,0.0002313941
0.0002313941,0.0002313941,0.00026729668,0.0002313941,0.0002313941,0.000105049374,0.0002313941
0.0002313941,0.0002313941,0.00045515172,0.0002313941,0.0002313941,0.0005475488,0.0002313941
0.0002313941,0.0002313941,0.00039918488,0.0002313941,0.0002313941,0.00015572393,0.0002313941
0.0002313941,0.0002313941,0.00023704628,0.0002313941,0.0002313941,0.00025928149,0.0002313941
0.0002313941,0.0002313941,0.0002624432,0.0002313941,0.0002313941,0.00022592078,0.0002313941
0.0002313941,0.0002313941,0.00018717295,0.0002313941,0.0002313941,0.00047448924,0.0002313941
0.0002313941,0.0002313941,0.00023668722,0.0002313941,0.0002313941,6.587096e-05,0.0002313941
0.0002313941,0.0002313941,0.00021816461,0.0002313941,0.0002313941,0.00028002093,0.0002313941
0.0002313941,0.0002313941,0.00069620594,0.0002313941,0.0002313941,0.00023179295,0.0002313941
0.0002313941,0.0002313941,0.0002896657,0.0002313941,0.0002313941,0.00014976179,0.0002313941
0.0002313941,0.0002313941,0.00019761868,0.0002313941,0.0002313941,0.00023867244,0.0002313941
0.0002313941,0.0002313941,0.0004533396,0.0002313941,0.0002313941,6.922873e-05,0.0002313941
0.0002313941,0.0002313941,0.0003729136,0.0002313941,0.0002313941,0.00033773383,0.0002313941
0.0002313941,0.0002313941,0.00019199372,0.0002313941,0.0002313941,0.00032427136,0.0002313941
0.0002313941,0.0002313941,0.00021628296,0.0002313941,0.0002313941,0.0003574827,0.0002313941
0.0002313941,0.0002313941,0.00028147755,0.0002313941,0.0002313941,0.00023512875,0.0002313941
0.0002313941,0.0002313941,0.00023475557,0.0002313941,0.0002313941,0.00017675431,0.0002313941
0.0002313941,0.0002313941,0.0004734803,0.0002313941,0.0002313941,0.00032918333,0.0002313941
0.0002313941,0.0002313941,0.00015320741,0.0002313941,0.0002313941,0.00016761883,0.0002313941
0.0002313941,0.0002313941,0.0002497087,0.0002313941,0.0002313941,0.0005011288,0.0002313941
0.0002313941,0.0002313941,0.00017141359,0.0002313941,0.0002313941,0.00050492096,0.0002313941
0.0002313941,0.0002313941,0.00030191254,0.0002313941,0.0002313941,0.00020856016,0.0002313941
0.0002313941,0.0002313941,0.00033465878,0.0002313941,0.0002313941,0.00020522105,0.0002313941
0.0002313941,0.0002313941,0.00039778385,0.0002313941,0.0002313941,0.00010108103,0.0002313941
0.0002313941,0.0002313941,0.0004599989,0.0002313941,0.0002313941,0.00031687022,0.0002313941
0.0002313941,0.0002313941,0.0002572033,0.0002313941,0.0002313941,0.00018503526,0.0002313941
0.0002313941,0.0002313941,0.00043512485,0.0002313941,0.0002313941,9.300676e-05,0.0002313941
0.0002313941,0.0002313941,0.00023631797,0.0002313941,0.0002313941,0.00022913802,0.0002313941
0.0002313941,0.0002313941,0.0002871366,0.0002313941,0.0002313941,0.00039644598,0.0002313941
0.0002313941,0.0002313941,0.00035446743,0.0002313941,0.0002313941,0.00014939117,0.0002313941
0.0002313941,0.0002313941,0.0001536345,0.0002313941,0.0002313941,0.0003474664,0.0002313941
0.0002313941,0.0002313941,0.0001019646,0.0002313941,0.0002313941,0.0002990269,0.0002313941
0.0002313941,0.0002313941,0.00011435155,0.0002313941,0.0002313941,0.00043293665,0.0002313941
0.0002313941,0.0002313941,0.00092190044,0.0002313941,0.0002313941,0.00023471835,0.0002313941
0.0002313941,0.0002313941,0.00015713795,0.0002313941,0.0002313941,0.00017139055,0.0002313941
0.0002313941,0.0002313941,0.00040503184,0.0002313941,0.0002313941,0.00040225618,0.0002313941
0.0002313941,0.0002313941,0.00023445202,0.0002313941,0.0002313941,0.00040407773,0.0002313941
0.0002313941,0.0002313941,0.00027716966,0.0002313941,0.0002313941,0.00010904819,0.0002313941
0.0002313941,0.0002313941,0.0005677003,0.0002313941,0.0002313941,9.26859e-05,0.0002313941
0.0002313941,0.0002313941,0.00014575451,0.0002313941,0.0002313941,0.0004892046,0.0002313941
0.0002313941,0.0002313941,0.00028778502,0.0002313941,0.0002313941,0.00039891814,0.0002313941
0.0002313941,0.0002313941,0.00057168864,0.0002313941,0.0002313941,0.00022584695,0.0002313941
0.0002313941,0.0002313941,0.0004883326,0.0002313941,0.0002313941,0.0004365535,0.0002313941
0.0002313941,0.0002313941,0.0002998044,0.0002313941,0.0002313941,0.00030125692,0.0002313941
0.0002313941,0.0002313941,0.00022856593,0.0002313941,0.0002313941,0.00017860743,0.0002313941
0.0002313941,0.0002313941,0.0002858455,0.0002313941,0.0002313941,0.00011995534,0.0002313941
0.0002313941,0.0002313941,0.00033140383,0.0002313941,0.0002313941,0.00026288553,0.0002313941
0.0002313941,0.0002313941,0.00061226013,0.0002313941,0.0002313941,0.0002674844,0.0002313941
0.0002313941,0.0002313941,0.0004923491,0.0002313941,0.0002313941,0.00011025328,0.0002313941
0.0002313941,0.0002313941,0.00051133754,0.0002313941,0.0002313941,0.00056060235,0.0002313941
0.0002313941,0.0002313941,0.00042930976,0.0002313941,0.0002313941,0.00021826017,0.0002313941
0.0002313941,0.0002313941,0.00054599263,0.0002313941,0.0002313941,0.00025339998,0.0002313941
0.0002313941,0.0002313941,0.00041319488,0.0002313941,0.0002313941,0.00013270736,0.0002313941
0.0002313941,0.0002313941,0.00024361257,0.0002313941,0.0002313941,0.00036771726,0.0002313941
0.0002313941,0.0002313941,0.00063704146,0.0002313941,0.0002313941,0.0006600204,0.0002313941
0.0002313941,0.0002313941,0.0005973894,0.0002313941,0.0002313941,0.00016305741,0.0002313941
0.0002313941,0.0002313941,0.00032921095,0.0002313941,0.0002313941,0.00018630206,0.0002313941
0.0002313941,0.0002313941,0.00049983425,0.0002313941,0.0002313941,0.00018585256,0.0002313941
0.0002313941,0.0002313941,0.00025616187,0.0002313941,0.0002313941,0.00020618876,0.0002313941
0.0002313941,0.0002313941,0.0002471157,0.0002313941,0.0002313941,0.00035106667,0.0002313941
0.0002313941,0.0002313941,0.0004087136,0.0002313941,0.0002313941,0.00029835777,0.0002313941
0.0002313941,0.0002313941,0.0006790292,0.0002313941,0.0002313941,0.00026274985,0.0002313941
0.0002313941,0.0002313941,0.0003968672,0.0002313941,0.0002313941,0.00032827718,0.0002313941
0.0002313941,0.0002313941,0.00011819512,0.0002313941,0.0002313941,0.00058177795,0.0002313941
0.0002313941,0.0002313941,0.00026039736,0.0002313941,0.0002313941,0.00027665927,0.0002313941
0.0002313941,0.0002313941,0.00020289968,0.0002313941,0.0002313941,0.00045577285,0.0002313941
0.0002313941,0.0002313941,0.0002926181,0.0002313941,0.0002313941,8.708014e-05,0.0002313941
0.0002313941,0.0002313941,0.00023929033,0.0002313941,0.0002313941,0.0001523512,0.0002313941
0.0002313941,0.0002313941,0.00020754177,0.0002313941,0.0002313941,0.0005273801,0.0002313941
0.0002313941,0.0002313941,0.0004870215,0.0002313941,0.0002313941,0.00024275994,0.0002313941
0.0002313941,0.0002313941,0.00024014262,0.0002313941,0.0002313941,0.00034325692,0.0002313941
0.0002313941,0.0002313941,0.00038058753,0.0002313941,0.0002313941,0.00032438707,0.0002313941
0.0002313941,0.0002313941,0.00055191055,0.0002313941,0.0002313941,0.00019796894,0.0002313941
0.0002313941,0.0002313941,0.00054390274,0.0002313941,0.0002313941,0.00017149252,0.0002313941
0.0002313941,0.0002313941,0.00018097217,0.0002313941,0.0002313941,0.00044953972,0.0002313941
0.0002313941,0.0002313941,0.00026791065,0.0002313941,0.0002313941,0.0002318373,0.0002313941
0.0002313941,0.0002313941,0.00018448818,0.0002313941,0.0002313941,0.00023885803,0.0002313941
0.0002313941,0.0002313941,0.00035392906,0.0002313941,0.0002313941,0.0002693554,0.0002313941
0.0002313941,0.0002313941,0.00039676536,0.0002313941,0.0002313941,0.00019786053,0.0002313941
0.0002313941,0.0002313941,0.00021907386,0.0002313941,0.0002313941,0.00048740857,0.0002313941
0.0002313941,0.0002313941,0.0005570769,0.0002313941,0.0002313941,0.00055575534,0.0002313941
0.0002313941,0.0002313941,0.00042833644,0.0002313941,0.0002313941,0.00035022254,0.0002313941
0.0002313941,0.0002313941,0.00038029402,0.0002313941,0.0002313941,0.0003197427,0.0002313941
0.0002313941,0.0002313941,0.0012387105,0.0002313941,0.0002313941,0.0004957231,0.0002313941
