0,1,2,3,4
0.9877684,0.98788655,0.98859406,0.98849046,0.9888675
0.98874044,0.98777467,0.98826164,0.98780966,0.9879038
0.9900999,0.9877709,0.98966885,0.98836064,0.9885532
0.98798364,0.98776466,0.9902924,0.98869276,0.9879965
0.9898742,0.98835737,0.9886374,0.98895586,0.9890416
0.9878597,0.9877801,0.987798,0.9896048,0.98957
0.9882935,0.98777527,0.98808223,0.9891596,0.9892783
0.98894674,0.9878217,0.9883495,0.9897569,0.9893099
0.9880845,0.98778427,0.9899462,0.9881216,0.987833
0.9879929,0.98860097,0.988859,0.9879279,0.9879675
0.9885035,0.98779875,0.98852545,0.9886119,0.9878716
0.98792845,0.9878496,0.98873967,0.98838747,0.98784244
0.9884135,0.9877732,0.98817265,0.9883656,0.9878482
0.98807013,0.9877581,0.9879359,0.98918563,0.9882445
0.9877716,0.9888123,0.98789966,0.9877502,0.98806167
0.9880683,0.9878656,0.9882003,0.98913676,0.9882762
0.98890024,0.9879576,0.98930293,0.9889176,0.9884161
0.9896109,0.9879191,0.9881091,0.9878728,0.98778415
0.98780876,0.9877702,0.9880722,0.9880573,0.9878835
0.9877578,0.9878247,0.98777497,0.9890201,0.9877819
0.9877741,0.9890096,0.9878999,0.98901975,0.98890185
0.9886088,0.9877852,0.98793674,0.988184,0.9885441
0.988389,0.98778915,0.9877846,0.98876,0.98778474
0.9895027,0.98923254,0.98784035,0.9877662,0.9878548
0.98861784,0.9877675,0.9877754,0.98782176,0.9885091
0.9878615,0.9880507,0.98784757,0.9877675,0.9878916
0.9883766,0.98777235,0.98778987,0.9878402,0.98912203
0.9888825,0.988184,0.9878722,0.987773,0.98839986
0.9877841,0.987836,0.9886956,0.98955595,0.98777574
0.9898099,0.98806137,0.9877644,0.9896367,0.9878272
0.98843193,0.98779714,0.98803717,0.9881285,0.9890841
0.98777324,0.9877716,0.9888393,0.9880002,0.9877597
0.98883104,0.9878025,0.98868954,0.9880496,0.9887534
0.9888154,0.9879334,0.98909056,0.98777455,0.9877771
0.9885612,0.9879115,0.98923486,0.98861116,0.9891258
0.9892656,0.98778117,0.9880311,0.9883461,0.9887155
0.98920995,0.98777217,0.9889536,0.9877828,0.98796314
0.98918045,0.98776853,0.9879787,0.9877896,0.9879505
0.98783594,0.9877675,0.9877715,0.9882639,0.9877743
0.98801637,0.9879294,0.9877622,0.98776644,0.9890858
0.9877667,0.9877709,0.98781276,0.988229,0.9877744
0.9878826,0.98797625,0.98905677,0.9878308,0.9877779
0.9885585,0.987768,0.9878052,0.9881925,0.9879769
0.9878822,0.9877694,0.9877658,0.9879369,0.9882345
0.98784155,0.98779446,0.9899735,0.9887273,0.9894535
0.9882598,0.9877732,0.98794496,0.987816,0.98818934
0.9883953,0.9878088,0.98778147,0.98776996,0.9884673
0.98926705,0.98777205,0.9878511,0.98801315,0.9880389
0.98893684,0.9877658,0.98856777,0.988267,0.9878604
0.98917747,0.988006,0.9878116,0.9886869,0.98847467
0.9877731,0.9877765,0.98888755,0.9878834,0.98780257
0.9883252,0.9880495,0.9877706,0.98806816,0.9877732
0.9878002,0.9877687,0.9886741,0.9880895,0.98795927
0.9877767,0.9877692,0.9878927,0.9878679,0.9890451
0.9877592,0.9878779,0.98818403,0.98777926,0.9877661
0.9879405,0.9896942,0.98968655,0.9877701,0.9878573
0.98776954,0.9877709,0.98948616,0.9878777,0.9877821
0.98879933,0.9878369,0.9879954,0.9886631,0.9877819
0.9877977,0.98776114,0.98964906,0.9880798,0.98909557
0.98827267,0.9877721,0.98885655,0.98883706,0.9882501
0.9886297,0.98776996,0.98824567,0.98867977,0.9883821
0.9881669,0.98778063,0.9878025,0.98780984,0.9890583
0.98777246,0.9885444,0.98786443,0.98778474,0.987762
0.9883223,0.9877733,0.9892012,0.9879262,0.98775774
0.9887704,0.98821944,0.98988795,0.9889189,0.9877573
0.9877695,0.9878661,0.9882697,0.98917943,0.98880476
0.9888566,0.9882084,0.9880885,0.9880154,0.98779094
0.98947054,0.9878439,0.9887784,0.98779345,0.989511
0.9893054,0.9877953,0.98821855,0.98905116,0.988838
0.9892145,0.9880729,0.98871994,0.98777,0.9877803
0.9885325,0.9877708,0.9884497,0.9877808,0.9877893
0.9894475,0.9884222,0.9883451,0.9896711,0.9877898
0.9885073,0.9879535,0.9880021,0.98781705,0.9877694
0.987777,0.9880051,0.98795944,0.9885197,0.98824584
0.98971736,0.9877639,0.9878666,0.98831797,0.98777276
0.98929316,0.9878126,0.9879329,0.9881694,0.9877749
0.989251,0.98777646,0.98775464,0.98852086,0.9886865
0.98777854,0.98776937,0.98828006,0.9884383,0.9877742
0.9887612,0.9883987,0.9882301,0.98778504,0.988195
0.9877707,0.9877716,0.98918295,0.9891653,0.9890794
0.9892501,0.9878502,0.9890291,0.98789275,0.9885908
0.9877735,0.98785657,0.9891218,0.9884237,0.98803496
0.987858,0.9877884,0.9897089,0.98780364,0.98850405
0.98822457,0.98863137,0.9884147,0.9877757,0.98940563
0.98804325,0.9877693,0.9883562,0.9878849,0.9887771
0.987805,0.98799247,0.9888359,0.98779875,0.98793674
0.9877681,0.98782194,0.98861235,0.98807,0.98778075
0.9878003,0.9878097,0.98783606,0.9877762,0.98788136
0.9877885,0.9882391,0.9877907,0.987883,0.98777825
0.98777574,0.9880347,0.98795515,0.98793036,0.98807126
0.988034,0.987761,0.98783565,0.9888407,0.9877703
0.9879652,0.98788756,0.987851,0.9877735,0.9881746
0.98823625,0.98793834,0.9879636,0.98862064,0.9878412
0.9885054,0.9877622,0.9878252,0.98788023,0.98975414
0.98792505,0.98783755,0.9889431,0.9882771,0.9877734
0.98826057,0.9892612,0.98809904,0.9877779,0.987873
0.98881215,0.98830825,0.9885208,0.98778725,0.98819405
0.98842436,0.98779523,0.987919,0.9879696,0.98781455
0.98969245,0.98934186,0.9898195,0.9879388,0.9877708
0.9877751,0.98782086,0.98871994,0.98830914,0.9881276
